19195.4078528
4597.36796139
4668.40507139
4694.42072139
4796.50003139
4809.44766139
4883.53206139
4896.47969139
5011.59064139
5024.57465139
5112.63832139
5153.61724139
5225.72238139
5267.66017139
5339.76531139
5404.71908139
5468.80790139
5503.78749139
5615.87631139
5631.84607139
5759.94103139
5778.93964139
5859.00944139
5892.02370139
6022.07277139
6039.09211139
6136.14487139
6208.15208139
6239.15406139
6265.17354139
6322.19500139
6395.25517139
6423.24268139
6466.29228139
6579.34379139
6594.35086139
6731.40977139
6742.40712139
6788.43123139
6871.44971139
6951.49456139
7008.50862139
7054.50375139
7136.60358139
7169.53069139
7249.68764139
7284.55763139
7362.77170139
7413.60022139
7499.83061139
7599.67953139
7614.85755139
7671.87901139
7712.76359139
7785.92194139
7841.80618139
7872.95397139
7969.90114139
8003.99446139
8106.96005139
8151.06287139
8204.01281139
8307.02200139
8337.14218139
8420.10606139
8484.21059139
8517.15882139
8670.28990139
8703.23813139
8817.28106139
8833.35323139
8934.40091139
8946.32365139
9031.45367139
9033.35568139
9130.52208139
9147.39861139
9201.55919139
9300.62760139
9303.49972139
9414.67053139
9466.56305139
9594.65801139
9600.74984139
9728.84480139
9780.73732139
9891.90813139
9894.78025139
9993.84866139
10048.0092414
10064.8857714
10162.0521714
10163.9541814
10249.0842014
10261.0069414
10362.0546214
10378.1267914
10492.1697214
10525.1179514
10678.2490314
10711.1972614
10775.3017914
10858.2656714
10888.3858514
10991.3950414
11044.3449814
11088.4478014
11191.4133914
11225.5067114
11322.4538814
11353.6016714
11409.4859114
11482.6442614
11523.5288414
11580.5503014
11595.7283214
11695.5772414
11781.8076314
11832.6361514
11910.8502214
11945.7202114
12025.8771614
12058.8042714
12140.9041014
12186.8992314
12243.9132914
12323.9581414
12406.9766214
12453.0007314
12463.9980814
12601.0569914
12616.0640614
12729.1155714
12772.1651714
12800.1526814
12873.2128514
12930.2343114
12956.2537914
12987.2557714
13059.2629814
13156.3157414
13173.3350814
13303.3841514
13336.3984114
13416.4682114
13435.4668214
13563.5617814
13579.5315414
13691.6203614
13726.5999514
13790.6887714
13855.6425414
13927.7476814
13969.6854714
14041.7906114
14082.7695314
14170.8332014
14183.8172114
14298.9281614
14311.8757914
14385.9601914
14398.9078214
14500.9871314
14527.0027814
14598.0398914
