1607.47066652
1691.6171831
1722.49760652
1850.55618652
1852.18236732
1994.11691623
2006.65729652
2062.96402052
2134.75225652
2172.71205083
2237.76144652
2290.97189343
2374.82035652
2376.57066294
2471.87311652
2481.77042987
2490.36207042
2588.81065396
2608.93202652
2685.35113746
2723.95896652
2756.25690378
2756.97484786
2807.1826453
2823.02737652
2836.10995141
2937.07030652
3050.15436652
3114.02622439
3178.21294652
3235.23440652
3328.65461528
3348.31846652
3387.48239883
3389.13810147
3445.37122652
3500.87593183
3592.43963652
3673.37135474
3723.48012652
3879.58123652
4007.67619652
4120.76025652
4193.75550652
4276.86136652
4306.83956652
4377.90904652
4390.22466193
4405.90797652
4463.22158392
4486.81060964
4490.99310652
4500.496612
4518.99203652
4606.02406652
4619.08806652
4716.15003172
4719.10812652
4775.18917652
4806.14015652
4872.24193652
4934.23511652
5003.28242652
5063.27770652
5140.34133652
5177.32063652
5212.99314032
5254.38426652
5264.35266652
5321.37412652
5368.42719652
5427.86400354
5432.16508713
5434.45818652
5481.51125652
5496.50434512
5548.37175435
5562.55314652
5569.51447319
5574.12278111
5637.61236652
5661.62155652
5736.68077652
5758.67431652
5767.14204442
5807.71788652
5863.3179961
5921.73764652
5921.76081652
6038.93625584
6068.80605652
6154.32933346
6165.85881652
6192.87173421
6266.90649652
6342.47409898
6395.00145652
6442.30406083
6478.54213259
6509.04438652
6695.12369652
