4271.06151178
4399.12009178
4530.16058178
4716.23989178
4872.34100178
4975.35019178
5161.42950178
5347.50881178
5484.56772178
5621.62663178
5722.67431178
5869.74272178
5997.83768178
6153.93879178
6250.99155178
6398.05996178
6545.12837178
6602.14983178
6765.21316178
6868.22235178
7024.32346178
7155.36395178
7286.40444178
7357.44155178
7472.46849178
7569.52125178
7672.53044178
7785.61450178
7900.64144178
8029.68403178
8143.72696178
8244.77464178
8359.80158178
8474.82852178
8605.86901178
8692.90104178
8749.92250178
8863.96543178
8992.06039178
9120.11897178
9207.15100178
9310.16019178
9381.19730178
9512.23779178
9698.31710178
9755.33856178
9868.42262178
10054.5019318
10201.5703418
10298.6231018
10454.7242118
10525.7613218
10626.8090018
10754.9039618
10917.9672918
11046.0258718
11177.0663618
11290.1504218
11405.1773618
11462.1988218
11625.2621518
11740.2890918
11854.3320218
11911.3534818
12048.4123918
12176.5073518
12362.5866618
12419.6081218
12520.6558018
12667.7242118
12770.7334018
12871.7810818
13027.8821918
13124.9349518
13225.9826318
13283.0040918
13411.0990518
13482.1361618
13579.1889218
13707.2838818
13835.3788418
13963.4738018
14100.5327118
14229.5753018
14357.6338818
14470.7179418
14617.7863518
14745.8449318
14858.9289918
14959.9766718
