928
597 526
611 608
710 387
677 860
27 552
17 145
273 469
851 251
74 87
59 2
246 101
22 40
56 130
211 577
227 223
213 262
466 888
282 80
38 68
58 28
217 47
179 183
281 72
876 116
89 878
552 572
168 66
483 418
402 359
549 247
701 239
203 309
124 596
258 450
81 140
85 5
765 400
36 9
711 625
305 295
55 17
641 174
17 1
554 782
62 40
609 525
36 39
743 823
3 65
900 140
20 29
315 373
4 307
290 316
440 233
93 71
133 667
542 74
312 615
475 492
177 78
92 182
458 197
352 187
1 21
111 592
119 90
778 225
3 11
170 126
75 185
809 22
222 161
600 570
182 445
487 584
437 344
45 159
16 34
425 290
114 27
843 877
117 24
76 571
201 195
692 727
650 259
129 113
213 358
484 234
33 399
94 46
426 465
4 13
38 30
214 73
49 320
207 15
383 464
5 84
911 222
147 132
749 163
719 869
732 252
221 213
219 398
11 707
631 541
323 187
90 506
426 845
421 898
279 293
374 60
648 6
134 105
257 36
43 89
333 269
378 31
36 476
757 301
924 284
634 224
21 37
31 473
191 311
200 161
273 40
314 2
704 126
62 206
244 507
801 356
703 427
106 244
11 828
136 39
45 69
343 787
798 393
896 20
87 521
613 157
191 19
594 685
110 510
287 32
127 161
561 743
255 201
149 589
322 263
712 886
314 719
625 511
136 691
256 278
151 783
136 292
335 313
733 120
661 258
11 30
175 125
219 259
46 303
753 492
155 165
511 346
428 329
298 163
313 194
534 718
379 512
188 228
359 674
235 526
78 21
490 706
167 43
365 629
418 402
433 349
242 249
104 520
807 151
781 37
514 408
50 99
805 314
46 5
366 872
252 505
122 355
140 199
121 141
330 15
424 414
454 493
141 176
23 318
859 277
887 280
93 204
324 280
45 17
764 312
630 183
730 230
416 156
885 793
28 913
459 339
195 144
831 79
79 340
189 90
82 362
234 188
231 204
560 884
64 423
259 848
604 926
588 656
523 48
180 102
267 264
19 71
658 477
113 211
168 488
131 85
113 814
103 447
156 38
312 178
661 756
589 716
740 153
179 103
215 71
230 100
844 145
149 417
691 905
898 907
842 547
77 561
150 37
364 479
332 406
456 83
618 461
904 739
746 321
378 565
476 662
181 375
194 651
64 612
620 708
9 213
697 63
843 871
825 4
96 55
321 144
75 8
162 50
8 16
299 30
42 219
177 559
567 695
390 225
174 858
170 915
50 2
408 599
297 653
139 513
2 883
841 918
210 594
554 143
192 174
761 408
577 759
830 306
41 48
478 253
317 105
82 20
676 219
841 622
60 245
163 239
173 388
32 152
659 389
225 159
11 18
214 547
348 78
289 105
796 679
20 5
12 258
573 11
751 331
608 372
408 289
163 359
385 102
293 343
72 10
840 768
617 514
683 216
418 522
201 717
461 49
480 509
169 163
356 166
198 92
294 446
712 465
531 90
148 85
664 249
66 284
54 73
403 438
372 326
45 354
61 3
136 164
116 115
784 556
109 443
857 455
38 44
325 694
9 56
811 600
122 14
342 297
196 123
38 42
755 707
102 327
625 628
310 117
453 184
777 507
451 636
118 804
62 238
332 250
194 88
439 146
643 627
379 563
112 560
808 21
260 148
595 163
212 51
303 585
555 101
119 347
184 2
839 274
47 32
308 162
16 81
457 482
49 46
195 721
158 55
637 163
38 415
721 747
275 150
668 928
675 17
76 193
254 2
625 908
735 6
856 366
74 68
208 61
852 873
28 10
419 535
874 72
326 228
353 223
240 33
338 117
640 421
137 277
75 80
399 518
135 867
198 400
243 192
165 660
294 219
550 279
690 348
263 713
670 548
233 178
786 827
762 52
275 516
503 246
203 742
422 138
34 803
639 687
551 494
661 875
210 195
88 463
135 43
472 216
65 578
50 51
681 290
86 261
574 58
396 100
360 224
101 357
283 724
120 467
13 33
682 741
117 407
386 160
138 117
773 336
655 396
283 101
117 602
111 102
598 300
528 397
66 3
100 723
32 20
60 350
41 11
105 197
30 63
253 136
7 5
120 7
59 115
644 504
75 345
619 318
821 125
836 541
71 91
457 336
421 229
204 766
177 579
471 720
467 693
543 437
300 780
339 395
537 736
143 430
567 652
741 853
272 81
540 63
109 7
376 333
509 604
88 748
635 14
351 714
46 725
7 771
53 112
269 365
442 248
788 316
209 237
168 174
1 43
329 371
129 890
666 636
582 170
488 642
850 906
60 45
108 99
95 9
546 538
641 789
33 500
300 392
754 425
297 44
356 920
104 28
171 144
382 102
145 927
722 276
44 223
27 235
588 649
692 64
434 379
250 276
19 7
97 60
14 10
17 146
249 325
570 305
164 891
567 679
125 815
191 557
790 870
272 562
923 419
411 353
270 285
544 576
389 12
536 328
300 270
850 60
712 785
103 76
248 623
177 517
571 806
132 68
731 242
67 15
5 25
501 76
816 810
25 106
626 556
337 100
671 407
290 744
74 306
270 545
209 22
205 114
485 239
312 738
566 301
498 28
581 861
9 23
250 74
319 296
791 371
593 107
249 470
8 1
99 295
157 156
136 144
369 10
79 34
170 268
262 826
128 391
895 161
486 357
302 286
29 252
377 337
368 193
559 921
160 131
98 77
423 672
394 199
384 481
646 449
592 917
622 143
680 520
578 583
363 166
28 224
100 76
474 167
448 53
925 656
357 590
284 770
110 779
452 217
414 398
627 585
49 52
38 123
315 409
47 775
334 426
68 645
534 463
669 554
232 177
7 475
521 564
331 235
161 397
12 118
102 190
27 480
810 398
673 619
339 59
880 609
313 346
771 914
614 264
501 739
855 800
5 286
7 10
160 403
480 758
34 793
114 519
72 383
127 569
494 111
412 77
384 832
269 288
468 892
335 477
281 763
1 3
5 9
66 92
444 42
533 678
74 795
515 245
553 50
203 183
6 124
708 862
220 387
541 203
534 677
524 98
326 909
127 50
6 2
373 705
163 57
311 802
103 274
151 166
2 1
380 300
769 656
147 410
231 799
101 87
7 15
102 15
57 495
392 586
606 418
117 838
5 12
745 42
172 19
172 248
5 3
610 165
822 509
55 271
83 60
82 370
513 581
846 812
384 154
432 689
270 251
257 432
916 378
508 362
64 63
328 292
46 153
100 155
173 868
216 58
820 192
369 431
336 185
58 121
328 455
128 126
352 487
22 20
676 700
611 654
280 163
527 462
227 471
407 912
518 544
137 420
78 364
786 571
220 87
3 24
227 404
188 14
310 657
624 580
142 750
76 30
638 663
509 729
111 538
142 186
77 709
863 840
56 497
199 792
148 315
797 585
681 768
301 304
696 459
266 165
196 504
4 142
139 47
35 8
539 459
20 54
139 290
852 113
119 265
415 468
674 833
256 121
21 31
894 362
25 490
829 45
429 274
21 107
794 492
27 502
113 301
119 491
66 847
865 751
53 413
161 462
183 441
442 616
686 436
647 351
194 236
537 535
181 173
349 131
451 607
882 203
800 402
39 105
235 393
263 255
688 121
776 299
235 341
860 902
4 2
893 119
506 864
202 149
297 575
621 752
516 548
817 551
133 45
392 419
682 459
824 536
632 60
281 854
273 728
448 451
489 302
843 431
97 137
108 173
29 70
488 819
715 211
534 588
835 679
702 509
813 767
818 583
141 922
812 448
6 568
466 241
250 344
668 92
519 726
147 178
264 101
405 36
591 366
230 910
63 279
580 350
434 879
881 658
45 88
161 665
834 193
